38,35
0,522
0,521
0,520
52,5
52,4
52,3
52,2
52,1
52,0
0,519
0,518
51,4
51,3
51,2
0,517
51,1
51,0
50,3
50,2
50,1
50,0
49,3
49,2
49,1
49,0
0,516
0,515
48,4
48,3
48,2
48,1
48,0
47,3
47,2
47,1
47,0
46,3
46,2
46,1
46,0
45,3
45,2
45,1
45,0
44,5
44,4
44,3
44,2
44,1
44,0
0,514
0,513
0,512
0,511
0,510
0,509
43,4
43,3
43,2
43,1
43,0
42,3
42,2
42,1
42,0
41,5
41,4
41,3
41,2
41,1
41,0
40,4
40,3
40,2
40,1
40,0
39,3
39,2
39,1
39,0
0,508
0,507
0,506
26,0
0,505
0,504
0,503
0,502
0,501
0,500
0,472
0,9
24,2
24,0
24,1
24,3
3,2
3,1
3,3
10,67
10,269
10,299
10,253
10,147
10,134
10,71
10,1
10,77
10,2
10,3
11,10
11,12
11,22
11,15
11,20
11,1
11,19
11,2
11,3
9,5
9,1
9,7
9,2
